-57.4
85.6
71.8
-38.8
-48.4
-47.2
43.0
-27.6
19.2
-98.6
86.0
-35.2
73.8
-20.6
-98.0
65.2
-62.4
36.0
-22.0
-22.4
4.2
-92.2
-1.4
61.2
53.4
-22.8
-63.6
98.6
-53.8
-54.8
8.4
23.2
-3.2
20.4
57.2
-70.8
65.0
-35.6
-93.8
39.8
33.0
-0.8
-16.2
-4.4
-90.8
21.8
16.8
40.2
92.2
74.6
-80.0
-2.4
-54.4
-36.2
75.0
9.8
-80.4
-84.8
55.8
-72.0
-76.2
24.6
-31.2
-60.8
-16.4
-67.2
6.2
-23.6
8.6
83.4
-77.0
-38.0
-53.6
89.2
-68.0
14.0
-42.0
-41.8
82.0
91.6
2.4
8.0
59.4
-39.6
-88.8
18.2
82.6
-15.8
-45.0
-11.6
-23.2
26.4
97.2
59.8
45.8
83.8
68.4
79.4
-74.4
-86.0
90.8
39.4
-21.0
80.8
34.8
-28.0
20.6
-87.6
90.0
35.4
-73.0
-60.6
-25.6
-85.2
-37.6
72.8
-34.0
7.0
-95.8
-96.6
86.2
86.4
28.8
93.6
-5.2
-25.2
16.0
89.8
-90.2
-68.6
25.8
61.8
-22.6
-70.0
93.2
67.0
-79.4
-79.0
-17.8
-48.6
-59.8
52.2
1.4
31.8
51.0
8.8
64.4
-12.6
-51.2
83.0
-82.2
77.8
-58.6
-66.6
53.8
49.4
-91.4
18.6
-92.6
-24.6
17.6
17.4
-71.0
-57.2
-52.4
50.6
-40.2
-52.6
5.6
47.2
29.6
-7.8
3.0
-48.2
64.8
23.4
45.2
28.2
83.2
81.2
-33.6
57.0
-42.8
-76.6
-41.6
-9.4
-15.0
60.6
84.2
-29.2
-16.8
70.6
-18.0
89.0
69.4
-80.2
-92.0
-72.4
-94.2
64.6
53.0
-48.8
5.8
-80.8
-21.2
96.2
23.8
70.2
-58.2
-10.0
63.0
-77.8
93.0
-12.8
-93.0
42.8
95.6
-11.8
71.6
-4.6
-22.2
-95.4
-64.0
-36.0
-23.4
-84.0
-97.2
56.4
47.4
-76.4
46.6
43.4
70.0
-44.8
-35.8
86.8
81.8
91.8
-46.4
43.6
-38.2
-21.4
-2.2
74.4
29.8
94.0
-34.6
87.2
22.2
-49.8
79.6
7.8
19.8
27.6
41.4
-78.4
58.6
16.6
66.6
-2.6
-94.6
33.8
97.0
-3.8
-19.4
-67.0
-37.8
46.4
69.0
-96.4
2.8
-17.2
98.0
88.2
38.6
-57.0
2.0
37.6
-5.0
22.8
48.6
100.0
-84.2
-36.4
-56.2
84.8
-16.0
-81.4
10.6
49.8
25.4
-13.2
-88.6
48.0
-58.8
-85.0
-70.2
20.2
62.4
71.0
99.6
-42.4
97.4
69.6
6.6
-65.4
82.2
59.2
66.2
44.0
-23.8
-20.0
32.2
-47.4
-39.4
-7.4
10.0
75.2
3.4
-34.2
-95.0
-26.6
-31.8
-56.4
99.2
53.6
-42.6
-6.4
27.0
-17.4
-1.8
11.6
-83.8
-10.4
56.2
-52.0
67.8
24.2
-65.2
-18.8
-74.2
-63.4
-61.6
-63.0
12.2
-13.4
87.0
56.8
-78.0
-52.2
82.8
30.4
-86.8
33.6
73.2
-74.6
-3.4
49.0
-52.8
-59.6
-53.0
86.6
12.6
-20.8
-75.6
-76.8
-69.8
-59.2
-93.2
25.6
-11.0
2.6
18.0
-37.0
-65.6
-83.0
-81.8
41.0
-66.2
36.6
-47.6
87.4
-6.0
6.4
44.8
-1.0
73.6
-74.8
78.4
-15.2
16.2
78.6
77.2
13.6
42.0
-24.2
38.8
-12.0
22.0
-7.6
-44.4
-0.6
31.2
-14.2
-34.8
-79.2
18.4
14.2
69.8
11.8
48.8
-14.6
1.2
-37.2
-57.6
54.6
-36.6
87.6
-54.2
92.4
-89.0
38.0
32.8
-99.8
29.4
53.2
40.0
-14.8
26.2
-30.8
28.0
-56.0
-4.2
-71.2
78.0
77.6
-64.6
62.0
-9.2
39.2
-19.0
30.0
79.8
60.2
-46.6
54.0
9.0
91.4
-62.6
-83.6
-64.4
-64.8
-73.8
12.4
71.2
-72.8
-51.4
-44.2
-45.6
-54.0
-29.6
68.2
-95.6
61.4
97.8
-87.0
96.6
-86.6
13.8
-26.8
-20.2
-28.4
-68.2
22.4
-37.4
-91.8
-51.6
-90.6
94.8
-92.4
79.2
-6.8
13.4
16.4
-61.4
-43.0
47.0
66.4
32.0
-67.6
10.8
-49.2
9.6
-89.4
3.8
84.6
25.0
50.0
-71.4
-31.0
-3.0
-84.6
-55.4
26.8
74.2
-83.2
-47.8
-25.4
-27.4
34.2
-73.4
-19.2
72.4
51.6
-21.6
-12.4
72.6
70.8
40.6
79.0
36.2
-8.6
-39.8
46.0
60.8
-31.6
7.6
54.8
30.2
-28.6
-53.2
-48.0
27.8
77.0
-81.0
-33.8
11.4
92.6
-99.0
55.4
-29.4
-25.0
74.0
95.8
78.2
-74.0
-6.2
-17.0
29.2
39.0
63.2
1.0
63.6
-42.2
-88.4
34.4
47.8
-27.0
-93.4
42.4
13.0
-89.2
-3.6
-78.8
54.2
-43.4
-54.6
37.2
-71.8
4.6
32.4
-17.6
-99.2
96.8
68.0
-30.0
75.8
-72.6
-85.6
-89.6
11.2
65.4
81.6
90.2
-62.2
23.0
28.4
-56.6
-62.0
-26.4
-20.4
-87.2
-11.2
31.4
4.4
94.2
65.6
89.4
-35.0
-72.2
84.0
-82.0
-62.8
-75.0
48.2
-77.2
21.4
-49.6
42.2
45.4
73.4
8.2
-18.2
-8.4
-55.2
-82.4
-30.4
3.2
38.2
37.4
-32.4
-9.0
-88.2
61.0
-29.0
80.0
-46.8
-89.8
-66.4
87.8
-38.6
85.8
43.8
31.6
10.2
-96.8
-93.6
-21.8
-73.6
93.4
-68.4
36.8
-61.8
-60.4
19.4
36.4
76.4
-66.8
60.4
84.4
13.2
-34.4
-65.8
1.6
5.0
-50.4
47.6
-1.6
62.2
-2.0
-87.4
76.6
-10.8
-69.2
-77.6
-33.2
99.4
77.4
-86.4
24.4
9.2
-58.4
-50.8
-5.6
-59.4
50.4
-27.2
-16.6
19.6
51.8
12.8
72.2
58.2
57.6
-8.2
-26.0
34.6
68.8
-32.0
-24.8
-80.6
-91.0
-10.2
-7.2
62.8
50.8
45.6
89.6
-61.2
83.6
-35.4
17.8
70.4
-98.8
-81.2
80.2
-32.2
-41.0
21.0
-9.6
48.4
-0.4
26.6
-1.2
-55.0
-99.4
17.2
76.2
-49.4
-14.4
60.0
14.8
91.0
92.0
-91.2
66.8
66.0
31.0
6.8
24.8
-83.4
4.0
88.6
-90.0
39.6
-19.8
67.6
67.2
96.4
-57.8
78.8
52.4
63.8
27.2
-75.2
15.2
-70.6
-94.0
95.0
-32.8
37.0
98.2
-96.2
-60.2
-43.6
15.0
-66.0
-63.2
-97.6
59.6
-4.8
-84.4
15.6
-67.4
98.4
30.6
-24.4
76.0
14.6
49.2
52.8
-98.4
7.4
21.2
75.4
50.2
-51.8
96.0
10.4
34.0
88.0
6.0
54.4
-92.8
-10.6
7.2
-75.8
-28.2
12.0
-70.4
-85.8
20.8
99.0
18.8
0.8
45.0
-38.4
-46.2
-96.0
-6.6
-32.6
4.8
56.0
67.4
-41.2
90.4
82.4
-73.2
90.6
-47.0
94.4
-44.6
85.2
11.0
56.6
-46.0
-97.8
21.6
44.2
88.8
-2.8
52.6
-5.4
68.6
-69.6
24.0
94.6
85.0
-75.4
38.4
23.6
-39.0
-50.6
27.4
-91.6
-18.6
-19.6
46.8
-79.6
37.8
2.2
-29.8
-45.2
74.8
-69.4
64.2
-71.6
20.0
15.4
88.4
35.6
-15.4
-33.0
-49.0
-45.8
9.4
-94.8
57.8
-59.0
1.8
0.6
-58.0
-56.8
35.0
-31.4
-94.4
5.2
63.4
98.8
43.2
-27.8
22.6
30.8
-63.8
-33.4
44.4
41.2
-79.8
58.8
61.6
-51.0
51.4
-13.0
-36.8
-61.0
46.2
-7.0
42.6
41.8
64.0
-39.2
0.4
-5.8
-67.8
-24.0
55.2
29.0
-15.6
95.4
55.6
-76.0
49.6
5.4
-55.8
91.2
-30.6
-12.2
-82.8
72.0
41.6
35.8
40.8
-13.8
-85.4
-26.2
95.2
-43.2
97.6
58.4
65.8
-65.0
-97.0
59.0
-0.2
-95.2
-8.0
-53.4
33.4
-55.6
71.4
55.0
-98.2
33.2
99.8
-8.8
19.0
-88.0
80.6
-11.4
-4.0
28.6
85.4
76.8
58.0
35.2
-68.8
25.2
32.6
-64.2
44.6
51.2
-25.8
-41.4
-78.6
62.6
-23.0
-13.6
-44.0
-14.0
81.0
92.8
57.4
-99.6
-40.0
-9.8
3.6
-86.2
-69.0
-28.8
26.0
-43.8
-82.6
14.4
69.2
-40.8
81.4
-45.4
-90.4
75.6
-77.4
17.0
40.4
52.0
-87.8
15.8
-50.0
-18.4
-30.2
0.2
93.8
-50.2
0.0
-40.4
-60.0
-78.2
-81.6
80.4
73.0
-97.4
-40.6