Leto:  Povprecna temperature (*C):   Padavine (mm):  St. dni s snezno odejo:
1980      8.000000                  1133.000000      76  
1981      9.000000                  867.000000      71  
1982      10.000000                  1053.000000      34  
1983      10.000000                  851.000000      34  
1984      9.000000                  851.000000      58  
1985      9.000000                  1017.000000      74  
1986      9.000000                  863.000000      73  
1987      9.000000                  991.000000      46  
1988      10.000000                  859.000000      20  
1989      10.000000                  959.000000      1  
1990      10.000000                  1050.000000      26  
1991      10.000000                  1050.000000      26  
1992      11.000000                  884.000000      21  
1993      10.000000                  762.000000      46  
1994      11.000000                  966.000000      24  
1995      10.000000                  943.000000      35  
1996      9.000000                  973.000000      70  
1997      10.000000                  877.000000      47  
1998      10.000000                  1012.000000      44  
1999      10.000000                  1038.000000      71  
2000      11.000000                  795.000000      37  
2001      11.000000                  827.000000      26  
2002      11.000000                  918.000000      26  
2003      11.000000                  689.000000      60  
2004      10.000000                  993.000000      33  
2005      10.000000                  959.000000      68  
2006      10.000000                  903.000000      66  
2007      11.000000                  982.000000      28  
2008      11.000000                  944.000000      19  
2009      11.000000                  1078.000000      44  
2010      10.000000                  986.000000      72  
2011      11.000000                  730.000000      11  
2012      11.000000                  929.000000      33  
2013      11.000000                  924.000000      51  
2014      12.000000                  1238.000000      21  
2015      11.000000                  846.000000      21  
2016      11.000000                  1006.000000      9  
2017      11.000000                  961.000000      34  
2018      12.000000                  928.000000      48  
2019      12.000000                  1024.000000      8  
2020      11.000000                  916.000000      11  
2021      11.000000                  820.000000      23  
2022      12.000000                  742.000000      2  
Mediana temperatur: 10.000000
Povprecje temperatur: 10.395349
Deviacija temperatur: 0.918531
Najtoplejsa leta: 2022, 2019, 2018
Najhladnejsa leta: 1980, 1981, 1984
Mediana padavin: 943.000000
Povprecje padavin: 933.418579
Deviacija padavin: 108.189171
Najbolj suho leto: 2003
Najbolj mokro leto: 2014
Leto s najvec snega: 1980
Leto s najmanj snega: 1989
